00000000000001000000000000000000000000000000
00000000000101000000000000000000000000000000
00000000000011000000000000000000000000000000
00000000000000000000000000000000000000000000
00000000000000000000000000000000000000000000
00000000000000000000000000000000000000000000
00000000000000000000000000000000000000000000
00000000000000000000100000000000000000000000
00000000000000000000010000000000000000000000
00000000000000000001110000000000000000000000
00000000000000000000000000000000000000000000
00000000000000000000000000010100000000000000
00000000000000000000000001000100000000000000
00000000000000000100000001000000000000000000
00000000000000001111000010000100000000110000
00000000000000011010100001000000000000110000
00001100000000111010010001000100000000000000
00001100000000011010100000010100000000000000
00000000000000001111000000000000000000000000
00000000000000000100000000000000000000000000
00000000000000000000000000000000000000000000
00000000000000000000000000000000000000000000
00000000000000000000000000000000000000000000
00000000000000000000000000000000000000000000
00000000000000000000000000000000000000000000